score: 0.8838137472283814
Duration: 56.16789627075195
